nb_thread 	 Taille_tab	diff1 somme deux vect	diff2 somme vect	diff3 multi vect
1	10000000	33	44	26
2	20000000	65	90	52
3	30000000	99	134	78
4	40000000	131	179	104
1	10000000	33	45	26
2	20000000	65	90	52
3	30000000	98	135	78
4	40000000	133	181	103
1	10000000	33	45	26
2	20000000	65	90	51
3	30000000	98	135	77
4	40000000	130	180	103
1	10000000	33	45	26
2	20000000	65	89	52
3	30000000	98	134	78
4	40000000	130	180	103
1	10000000	33	45	26
2	20000000	69	92	51
3	30000000	104	137	77
4	40000000	131	179	103
1	10000000	33	45	26
2	20000000	65	91	51
3	30000000	98	135	78
4	40000000	130	179	104
1	10000000	33	45	26
2	20000000	68	91	52
3	30000000	104	137	77
4	40000000	137	184	103
1	10000000	35	46	26
2	20000000	68	92	51
3	30000000	103	138	77
4	40000000	137	184	103
1	10000000	35	46	25
2	20000000	68	92	51
3	30000000	103	138	77
4	40000000	137	183	103
1	10000000	35	46	25
2	20000000	68	91	51
3	30000000	103	137	77
4	40000000	138	183	102
