nb_thread 	 nb_rows	 nb_cols 	diff1 somme deux vect	diff2 somme vect	diff3 multi vect
1	1000	1000	4	5	2
1	2000	2000	19	18	11
1	3000	3000	43	41	23
1	4000	4000	78	73	41
2	1000	1000	3	6	1
2	2000	2000	18	21	9
2	3000	3000	46	40	24
2	4000	4000	80	73	40
4	1000	1000	2	9	0
4	2000	2000	26	17	16
4	3000	3000	57	36	34
4	4000	4000	99	70	59
1	1000	1000	4	4	3
1	2000	2000	19	19	10
1	3000	3000	43	41	23
1	4000	4000	79	74	41
2	1000	1000	2	6	2
2	2000	2000	21	17	12
2	3000	3000	42	41	24
2	4000	4000	79	73	45
4	1000	1000	4	10	1
4	2000	2000	27	17	15
4	3000	3000	61	44	41
4	4000	4000	96	77	52
1	1000	1000	3	4	3
1	2000	2000	19	18	10
1	3000	3000	42	41	22
1	4000	4000	76	72	40
2	1000	1000	4	4	4
2	2000	2000	20	17	11
2	3000	3000	45	40	23
2	4000	4000	81	75	43
4	1000	1000	13	2	1
4	2000	2000	26	30	22
4	3000	3000	58	46	34
4	4000	4000	95	78	60
1	1000	1000	3	5	2
1	2000	2000	19	18	10
1	3000	3000	44	41	23
1	4000	4000	78	73	40
2	1000	1000	6	2	6
2	2000	2000	19	18	10
2	3000	3000	46	42	22
2	4000	4000	80	74	41
4	1000	1000	3	9	1
4	2000	2000	25	19	13
4	3000	3000	57	38	31
4	4000	4000	103	71	60
1	1000	1000	3	5	2
1	2000	2000	19	18	10
1	3000	3000	43	41	23
1	4000	4000	78	73	40
2	1000	1000	3	5	3
2	2000	2000	18	22	9
2	3000	3000	44	40	23
2	4000	4000	80	72	42
4	1000	1000	8	2	1
4	2000	2000	21	17	15
4	3000	3000	51	48	30
4	4000	4000	101	79	53
1	1000	1000	3	5	2
1	2000	2000	19	19	10
1	3000	3000	44	41	23
1	4000	4000	78	73	40
2	1000	1000	3	3	5
2	2000	2000	19	19	11
2	3000	3000	44	42	23
2	4000	4000	80	71	43
4	1000	1000	4	7	2
4	2000	2000	19	27	7
4	3000	3000	59	47	33
4	4000	4000	96	81	57
1	1000	1000	4	4	3
1	2000	2000	19	18	10
1	3000	3000	44	41	23
1	4000	4000	79	72	41
2	1000	1000	6	2	5
2	2000	2000	22	17	9
2	3000	3000	44	45	24
2	4000	4000	77	76	41
4	1000	1000	3	14	10
4	2000	2000	29	18	14
4	3000	3000	57	46	31
4	4000	4000	96	77	62
1	1000	1000	4	4	3
1	2000	2000	19	18	10
1	3000	3000	44	41	23
1	4000	4000	79	74	41
2	1000	1000	4	2	5
2	2000	2000	19	17	11
2	3000	3000	44	42	25
2	4000	4000	79	73	42
4	1000	1000	5	2	7
4	2000	2000	18	30	20
4	3000	3000	57	35	31
4	4000	4000	91	78	62
1	1000	1000	4	4	3
1	2000	2000	19	18	10
1	3000	3000	42	41	22
1	4000	4000	75	72	40
2	1000	1000	4	4	3
2	2000	2000	20	18	10
2	3000	3000	45	41	24
2	4000	4000	79	75	41
4	1000	1000	3	3	9
4	2000	2000	20	20	12
4	3000	3000	59	38	31
4	4000	4000	95	78	60
1	1000	1000	3	5	2
1	2000	2000	20	18	10
1	3000	3000	44	42	23
1	4000	4000	78	72	41
2	1000	1000	4	4	3
2	2000	2000	22	18	9
2	3000	3000	42	45	24
2	4000	4000	80	73	41
4	1000	1000	4	9	2
4	2000	2000	25	17	15
4	3000	3000	51	47	31
4	4000	4000	100	76	53
